0	0	73	0	0.000000
0	0	2	75	0.000000
0	0	29	102	0.000000
0	0	29	120	0.000000
0	0	29	132	0.000000
0	0	29	82	0.000000
0	0	29	136	0.000000
0	0	29	114	0.000000
0	0	29	134	0.000000
0	0	47	102	0.000000
0	0	47	120	0.000000
0	0	47	132	0.000000
0	0	47	82	0.000000
0	0	47	136	0.000000
0	0	47	114	0.000000
0	0	47	134	0.000000
0	0	59	102	0.000000
0	0	59	120	0.000000
0	0	59	132	0.000000
0	0	59	82	0.000000
0	0	59	136	0.000000
0	0	59	114	0.000000
0	0	59	138	0.000000
0	0	59	86	0.000000
0	0	59	144	0.000000
0	0	59	134	0.000000
0	0	9	102	0.000000
0	0	9	120	0.000000
0	0	9	132	0.000000
0	0	9	82	0.000000
0	0	9	136	0.000000
0	0	9	84	0.000000
0	0	9	140	0.000000
0	0	9	124	0.000000
0	0	9	94	0.000000
0	0	9	108	0.000000
0	0	63	102	0.000000
0	0	63	120	0.000000
0	0	63	132	0.000000
0	0	63	82	0.000000
0	0	63	136	0.000000
0	0	63	114	0.000000
0	0	63	138	0.000000
0	0	63	144	0.000000
0	0	63	134	0.000000
0	0	63	124	0.000000
0	0	63	94	0.000000
0	0	53	126	0.000000
0	0	53	122	0.000000
0	0	41	102	0.000000
0	0	41	120	0.000000
0	0	41	132	0.000000
0	0	41	136	0.000000
0	0	41	114	0.000000
0	0	65	132	0.000000
0	0	65	136	0.000000
0	0	65	138	0.000000
0	0	65	144	0.000000
0	0	23	96	0.000000
0	0	49	126	0.000000
0	0	49	122	0.000000
0	0	13	132	0.000000
0	0	13	86	0.000000
0	0	71	132	0.000000
0	0	71	136	0.000000
0	0	71	138	0.000000
0	0	61	102	0.000000
0	0	61	120	0.000000
0	0	61	132	0.000000
0	0	61	136	0.000000
0	0	61	134	0.000000
0	0	11	82	0.000000
0	0	67	82	0.000000
0	0	67	140	0.000000
0	0	51	82	0.000000
0	0	51	136	0.000000
0	0	21	82	0.000000
0	0	21	136	0.000000
0	0	35	82	0.000000
0	0	3	76	0.000000
0	0	4	77	0.000000
0	0	7	80	0.000000
0	0	8	81	0.000000
0	0	5	5	0.000000
0	0	5	78	0.000000
0	0	5	6	0.000000
0	0	5	79	0.000000
0	0	78	5	0.000000
0	0	78	78	0.000000
0	0	78	6	0.000000
0	0	78	79	0.000000
0	0	6	5	0.000000
0	0	6	78	0.000000
0	0	6	6	0.000000
0	0	6	79	0.000000
0	0	79	5	0.000000
0	0	79	78	0.000000
0	0	79	6	0.000000
0	0	79	79	0.000000
0	1	75	5	0.000000
0	1	75	78	0.000000
0	1	75	6	0.000000
0	1	75	79	0.000000
0	1	74	0	0.000000
0	30	103	0	0.000000
0	30	102	5	0.000000
0	30	102	78	0.000000
0	30	102	6	0.000000
0	30	102	79	0.000000
0	30	121	0	0.000000
0	30	120	5	0.000000
0	30	120	78	0.000000
0	30	120	6	0.000000
0	30	120	79	0.000000
0	30	132	5	0.000000
0	30	132	78	0.000000
0	30	132	6	0.000000
0	30	132	79	0.000000
0	30	133	0	0.000000
0	30	83	0	0.000000
0	30	82	5	0.000000
0	30	82	6	0.000000
0	30	82	79	0.000000
0	30	137	0	0.000000
0	30	136	5	0.000000
0	30	136	6	0.000000
0	30	115	0	0.000000
0	30	114	5	0.000000
0	30	114	78	0.000000
0	30	114	6	0.000000
0	30	114	79	0.000000
0	30	134	78	0.000000
0	30	134	79	0.000000
0	48	103	0	0.000000
0	48	102	5	0.000000
0	48	102	78	0.000000
0	48	102	6	0.000000
0	48	102	79	0.000000
0	48	121	0	0.000000
0	48	120	5	0.000000
0	48	120	78	0.000000
0	48	120	6	0.000000
0	48	120	79	0.000000
0	48	132	5	0.000000
0	48	132	78	0.000000
0	48	132	6	0.000000
0	48	132	79	0.000000
0	48	133	0	0.000000
0	48	83	0	0.000000
0	48	82	5	0.000000
0	48	82	6	0.000000
0	48	82	79	0.000000
0	48	137	0	0.000000
0	48	136	5	0.000000
0	48	136	6	0.000000
0	48	115	0	0.000000
0	48	114	5	0.000000
0	48	114	78	0.000000
0	48	114	6	0.000000
0	48	114	79	0.000000
0	48	134	78	0.000000
0	48	134	79	0.000000
0	60	103	0	0.000000
0	60	102	5	0.000000
0	60	102	78	0.000000
0	60	102	6	0.000000
0	60	102	79	0.000000
0	60	121	0	0.000000
0	60	120	5	0.000000
0	60	120	78	0.000000
0	60	120	6	0.000000
0	60	120	79	0.000000
0	60	132	5	0.000000
0	60	132	78	0.000000
0	60	132	6	0.000000
0	60	132	79	0.000000
0	60	133	0	0.000000
0	60	83	0	0.000000
0	60	82	5	0.000000
0	60	82	78	0.000000
0	60	82	6	0.000000
0	60	82	79	0.000000
0	60	137	0	0.000000
0	60	136	5	0.000000
0	60	136	78	0.000000
0	60	136	6	0.000000
0	60	136	79	0.000000
0	60	115	0	0.000000
0	60	114	5	0.000000
0	60	114	78	0.000000
0	60	114	6	0.000000
0	60	114	79	0.000000
0	60	139	0	0.000000
0	60	138	5	0.000000
0	60	138	78	0.000000
0	60	138	6	0.000000
0	60	138	79	0.000000
0	60	86	5	0.000000
0	60	87	0	0.000000
0	60	144	5	0.000000
0	60	144	78	0.000000
0	60	134	5	0.000000
0	60	134	78	0.000000
0	60	134	6	0.000000
0	60	134	79	0.000000
0	60	85	0	0.000000
0	60	135	0	0.000000
0	60	125	0	0.000000
0	60	145	0	0.000000
0	60	109	0	0.000000
0	10	103	0	0.000000
0	10	102	5	0.000000
0	10	102	78	0.000000
0	10	102	6	0.000000
0	10	102	79	0.000000
0	10	121	0	0.000000
0	10	120	5	0.000000
0	10	120	78	0.000000
0	10	120	6	0.000000
0	10	120	79	0.000000
0	10	132	5	0.000000
0	10	132	78	0.000000
0	10	132	6	0.000000
0	10	132	79	0.000000
0	10	133	0	0.000000
0	10	83	0	0.000000
0	10	82	5	0.000000
0	10	82	78	0.000000
0	10	82	6	0.000000
0	10	82	79	0.000000
0	10	137	0	0.000000
0	10	136	5	0.000000
0	10	136	78	0.000000
0	10	136	6	0.000000
0	10	136	79	0.000000
0	10	115	0	0.000000
0	10	114	5	0.000000
0	10	114	78	0.000000
0	10	114	6	0.000000
0	10	139	0	0.000000
0	10	138	5	0.000000
0	10	138	6	0.000000
0	10	87	0	0.000000
0	10	85	0	0.000000
0	10	84	5	0.000000
0	10	84	78	0.000000
0	10	84	6	0.000000
0	10	84	79	0.000000
0	10	135	0	0.000000
0	10	140	5	0.000000
0	10	140	6	0.000000
0	10	125	0	0.000000
0	10	141	0	0.000000
0	10	95	0	0.000000
0	10	94	78	0.000000
0	10	109	0	0.000000
0	10	108	5	0.000000
0	10	108	78	0.000000
0	64	103	0	0.000000
0	64	102	5	0.000000
0	64	102	78	0.000000
0	64	102	6	0.000000
0	64	102	79	0.000000
0	64	121	0	0.000000
0	64	120	5	0.000000
0	64	120	78	0.000000
0	64	120	6	0.000000
0	64	120	79	0.000000
0	64	132	5	0.000000
0	64	132	78	0.000000
0	64	132	6	0.000000
0	64	132	79	0.000000
0	64	133	0	0.000000
0	64	83	0	0.000000
0	64	82	5	0.000000
0	64	82	78	0.000000
0	64	82	6	0.000000
0	64	82	79	0.000000
0	64	137	0	0.000000
0	64	136	5	0.000000
0	64	136	78	0.000000
0	64	136	6	0.000000
0	64	136	79	0.000000
0	64	115	0	0.000000
0	64	114	5	0.000000
0	64	114	78	0.000000
0	64	114	6	0.000000
0	64	139	0	0.000000
0	64	138	5	0.000000
0	64	138	78	0.000000
0	64	138	6	0.000000
0	64	138	79	0.000000
0	64	87	0	0.000000
0	64	144	5	0.000000
0	64	144	78	0.000000
0	64	144	79	0.000000
0	64	134	5	0.000000
0	64	134	78	0.000000
0	64	134	6	0.000000
0	64	134	79	0.000000
0	64	85	0	0.000000
0	64	84	6	0.000000
0	64	135	0	0.000000
0	64	140	6	0.000000
0	64	125	0	0.000000
0	64	124	6	0.000000
0	64	145	0	0.000000
0	64	94	5	0.000000
0	64	94	78	0.000000
0	64	94	79	0.000000
0	64	129	0	0.000000
0	64	109	0	0.000000
0	64	108	5	0.000000
0	54	127	0	0.000000
0	54	126	5	0.000000
0	54	126	78	0.000000
0	54	126	6	0.000000
0	54	126	79	0.000000
0	54	122	5	0.000000
0	54	122	78	0.000000
0	54	122	6	0.000000
0	54	122	79	0.000000
0	54	123	0	0.000000
0	18	91	0	0.000000
0	42	103	0	0.000000
0	42	102	5	0.000000
0	42	102	78	0.000000
0	42	102	6	0.000000
0	42	102	79	0.000000
0	42	121	0	0.000000
0	42	120	5	0.000000
0	42	120	78	0.000000
0	42	120	6	0.000000
0	42	120	79	0.000000
0	42	132	5	0.000000
0	42	132	78	0.000000
0	42	132	6	0.000000
0	42	132	79	0.000000
0	42	133	0	0.000000
0	42	83	0	0.000000
0	42	82	5	0.000000
0	42	82	6	0.000000
0	42	82	79	0.000000
0	42	137	0	0.000000
0	42	136	5	0.000000
0	42	136	6	0.000000
0	42	115	0	0.000000
0	42	114	5	0.000000
0	42	114	78	0.000000
0	42	114	6	0.000000
0	42	114	79	0.000000
0	66	132	5	0.000000
0	66	132	78	0.000000
0	66	132	6	0.000000
0	66	132	79	0.000000
0	66	133	0	0.000000
0	66	83	0	0.000000
0	66	82	6	0.000000
0	66	82	79	0.000000
0	66	137	0	0.000000
0	66	136	5	0.000000
0	66	136	78	0.000000
0	66	136	6	0.000000
0	66	136	79	0.000000
0	66	139	0	0.000000
0	66	138	5	0.000000
0	66	138	78	0.000000
0	66	138	6	0.000000
0	66	138	79	0.000000
0	66	144	5	0.000000
0	66	144	78	0.000000
0	66	135	0	0.000000
0	66	145	0	0.000000
0	24	96	5	0.000000
0	24	96	78	0.000000
0	24	96	6	0.000000
0	24	96	79	0.000000
0	24	97	0	0.000000
0	50	127	0	0.000000
0	50	126	5	0.000000
0	50	126	78	0.000000
0	50	126	6	0.000000
0	50	126	79	0.000000
0	50	122	5	0.000000
0	50	122	78	0.000000
0	50	122	6	0.000000
0	50	122	79	0.000000
0	50	123	0	0.000000
0	14	132	5	0.000000
0	14	132	78	0.000000
0	14	132	6	0.000000
0	14	133	0	0.000000
0	14	83	0	0.000000
0	14	137	0	0.000000
0	14	136	5	0.000000
0	14	136	78	0.000000
0	14	136	6	0.000000
0	14	86	5	0.000000
0	14	86	78	0.000000
0	14	86	6	0.000000
0	14	86	79	0.000000
0	14	87	0	0.000000
0	14	135	0	0.000000
0	12	133	0	0.000000
0	12	83	0	0.000000
0	12	82	5	0.000000
0	12	82	78	0.000000
0	12	82	6	0.000000
0	12	82	79	0.000000
0	12	137	0	0.000000
0	12	85	0	0.000000
0	12	84	78	0.000000
0	62	132	5	0.000000
0	62	132	78	0.000000
0	62	132	6	0.000000
0	62	132	79	0.000000
0	62	133	0	0.000000
0	62	83	0	0.000000
0	62	137	0	0.000000
0	62	136	5	0.000000
0	62	136	78	0.000000
0	62	136	79	0.000000
0	62	139	0	0.000000
0	62	138	5	0.000000
0	62	86	5	0.000000
0	62	87	0	0.000000
0	62	134	5	0.000000
0	62	134	78	0.000000
0	62	134	6	0.000000
0	62	134	79	0.000000
0	62	135	0	0.000000
0	52	133	0	0.000000
0	52	83	0	0.000000
0	52	137	0	0.000000
0	52	136	5	0.000000
0	52	125	0	0.000000
0	52	124	5	0.000000
0	52	124	78	0.000000
0	52	124	6	0.000000
0	52	124	79	0.000000
0	72	132	5	0.000000
0	72	132	6	0.000000
0	72	133	0	0.000000
0	72	137	0	0.000000
0	72	136	5	0.000000
0	72	136	78	0.000000
0	72	136	6	0.000000
0	72	136	79	0.000000
0	72	139	0	0.000000
0	72	138	78	0.000000
0	72	144	5	0.000000
0	72	144	78	0.000000
0	72	145	0	0.000000
0	32	105	0	0.000000
0	32	104	79	0.000000
0	20	92	5	0.000000
0	20	92	78	0.000000
0	20	92	79	0.000000
0	20	93	0	0.000000
0	40	113	0	0.000000
0	40	112	5	0.000000
0	34	107	0	0.000000
0	34	119	0	0.000000
0	28	101	0	0.000000
0	46	107	0	0.000000
0	46	119	0	0.000000
0	68	83	0	0.000000
0	68	140	5	0.000000
0	68	140	6	0.000000
0	68	141	0	0.000000
0	26	99	0	0.000000
0	22	83	0	0.000000
0	22	82	5	0.000000
0	22	136	6	0.000000
0	22	95	0	0.000000
0	22	94	78	0.000000
0	22	94	79	0.000000
0	56	137	0	0.000000
0	56	129	0	0.000000
0	56	128	5	0.000000
0	56	128	78	0.000000
0	56	128	6	0.000000
0	56	128	79	0.000000
0	36	132	5	0.000000
0	36	133	0	0.000000
0	36	83	0	0.000000
0	36	82	5	0.000000
0	36	82	78	0.000000
0	36	82	6	0.000000
0	36	137	0	0.000000
0	36	136	78	0.000000
0	36	136	79	0.000000
0	36	109	0	0.000000
0	36	108	5	0.000000
0	36	108	78	0.000000
0	44	136	5	0.000000
0	44	116	5	0.000000
0	44	117	0	0.000000
0	38	111	0	0.000000
0	16	89	0	0.000000
0	58	131	0	0.000000
0	70	143	0	0.000000
